0 0.5703125 0.3841145833333333 0.16796875 0.3151041666666667
0 0.3125 0.54296875 0.09765625 0.23697916666666666
0 0.19140625 0.6705729166666666 0.15234375 0.2421875
0 0.1376953125 0.2825520833333333 0.119140625 0.23697916666666666
0 0.8671875 0.2994791666666667 0.18359375 0.3020833333333333
0 0.771484375 0.64453125 0.09765625 0.23697916666666666
0 0.4375 0.578125 0.12109375 0.18229166666666666
0 0.4482421875 0.75390625 0.146484375 0.1796875
0 0.283203125 0.16927083333333334 0.1171875 0.1875
0 0.87890625 0.78125 0.08984375 0.28125
0 0.087890625 0.4921875 0.1171875 0.16145833333333334
0 0.107421875 0.9075520833333334 0.109375 0.1796875
0 0.4765625 0.9205729166666666 0.125 0.1328125
0 0.583984375 0.9270833333333334 0.0625 0.140625
0 0.6630859375 0.7421875 0.103515625 0.21354166666666666
0 0.2255859375 0.3997395833333333 0.099609375 0.16927083333333334