0 0.414 0.3484107579462103 0.192 0.24205378973105135
0 0.166 0.3973105134474328 0.244 0.18337408312958436
0 0.363 0.6748166259168704 0.214 0.21026894865525672
0 0.595 0.3704156479217604 0.146 0.2762836185819071
0 0.78 0.402200488997555 0.184 0.1491442542787286
0 0.141 0.6026894865525673 0.15 0.11491442542787286
0 0.202 0.7921760391198044 0.116 0.15647921760391198
0 0.545 0.8545232273838631 0.21 0.15403422982885084
0 0.768 0.7481662591687042 0.184 0.28361858190709044
0 0.921 0.6234718826405868 0.138 0.1271393643031785
0 0.301 0.15036674816625917 0.202 0.1393643031784841
0 0.887 0.3056234718826406 0.138 0.21515892420537897
0 0.409 0.5757946210268948 0.222 0.12469437652811736
0 0.865 0.1430317848410758 0.138 0.13447432762836187