0 0.6609477124183006 0.45674300254452926 0.19444444444444445 0.13994910941475827
0 0.14705882352941177 0.5483460559796438 0.1437908496732026 0.18575063613231552
0 0.08660130718954248 0.6895674300254453 0.13398692810457516 0.13231552162849872
0 0.2965686274509804 0.5750636132315522 0.16176470588235295 0.1475826972010178
0 0.5326797385620915 0.6043256997455471 0.1503267973856209 0.16030534351145037
0 0.8799019607843137 0.4300254452926209 0.2369281045751634 0.1984732824427481
0 0.6225490196078431 0.3155216284987277 0.16993464052287582 0.10178117048346055
0 0.940359477124183 0.25699745547073793 0.11601307189542484 0.13740458015267176
0 0.42892156862745096 0.5788804071246819 0.07026143790849673 0.13486005089058525
0 0.5359477124183006 0.5381679389312977 0.10784313725490197 0.10941475826972011
0 0.3790849673202614 0.5025445292620865 0.0784313725490196 0.12468193384223919