0 0.7018181818181818 0.4409282700421941 0.4072727272727273 0.22362869198312235
0 0.22545454545454546 0.510548523206751 0.22545454545454546 0.12658227848101267
0 0.21818181818181817 0.8185654008438819 0.23272727272727273 0.2869198312236287
0 0.2636363636363636 0.6434599156118144 0.15636363636363637 0.10548523206751055
0 0.37272727272727274 0.740506329113924 0.16363636363636364 0.0970464135021097
0 0.48545454545454547 0.6413502109704642 0.19272727272727272 0.09282700421940929
0 0.5854545454545454 0.7215189873417721 0.21818181818181817 0.1518987341772152
0 0.7527272727272727 0.6434599156118144 0.15272727272727274 0.11392405063291139
0 0.9309090909090909 0.6687763713080169 0.13090909090909092 0.12236286919831224
0 0.7909090909090909 0.8122362869198312 0.2872727272727273 0.18143459915611815
0 0.5036363636363637 0.9135021097046413 0.34545454545454546 0.10548523206751055
0 0.8872727272727273 0.9071729957805907 0.21818181818181817 0.12658227848101267
0 0.46 0.7890295358649789 0.14181818181818182 0.12658227848101267