0 0.728 0.46153846153846156 0.308 0.2523076923076923
0 0.838 0.683076923076923 0.152 0.1476923076923077
0 0.598 0.6153846153846154 0.184 0.1476923076923077
0 0.112 0.3892307692307692 0.112 0.2246153846153846
0 0.29 0.3292307692307692 0.172 0.16
0 0.205 0.46615384615384614 0.146 0.11384615384615385
0 0.285 0.5492307692307692 0.09 0.11384615384615385
0 0.365 0.45076923076923076 0.118 0.07692307692307693
0 0.482 0.3292307692307692 0.076 0.11076923076923077
0 0.512 0.43846153846153846 0.128 0.09538461538461539
0 0.404 0.5861538461538461 0.148 0.13230769230769232
0 0.506 0.5461538461538461 0.096 0.15076923076923077