0 0.7158823529411765 0.43656207366984995 0.46705882352941175 0.25375170532060026
0 0.23941176470588235 0.529331514324693 0.23176470588235293 0.13096862210095497
0 0.29823529411764704 0.655525238744884 0.19647058823529412 0.12687585266030013
0 0.22705882352941176 0.8287858117326057 0.24235294117647058 0.2987721691678035
0 0.3688235294117647 0.7510231923601637 0.14941176470588236 0.11050477489768076
0 0.5129411764705882 0.6371077762619373 0.19294117647058823 0.09004092769440655
0 0.4623529411764706 0.8015006821282401 0.12705882352941175 0.11323328785811733
0 0.06235294117647059 0.6446111869031378 0.12 0.10231923601637108
0 0.0488235294117647 0.757162346521146 0.09058823529411765 0.10368349249658936
0 0.5029411764705882 0.9447476125511596 0.3023529411764706 0.1077762619372442
0 0.7894117647058824 0.8124147339699863 0.25176470588235295 0.15416098226466576
0 0.7558823529411764 0.6527967257844475 0.17294117647058824 0.08867667121418826
0 0.601764705882353 0.7360163710777626 0.2223529411764706 0.10231923601637108
0 0.9288235294117647 0.6684856753069577 0.12823529411764706 0.10914051841746249
0 0.8676470588235294 0.9392905866302865 0.18705882352941178 0.08321964529331514