0 0.09516129032258064 0.5785714285714286 0.12580645161290321 0.09047619047619047
0 0.10967741935483871 0.6452380952380953 0.07096774193548387 0.08095238095238096
0 0.17419354838709677 0.6595238095238095 0.1032258064516129 0.10952380952380952
0 0.3161290322580645 0.6619047619047619 0.09032258064516129 0.06666666666666667
0 0.3225806451612903 0.7095238095238096 0.06451612903225806 0.05714285714285714
0 0.3935483870967742 0.7428571428571429 0.0967741935483871 0.11428571428571428
0 0.5338709677419354 0.7380952380952381 0.1064516129032258 0.06666666666666667
0 0.5145161290322581 0.7928571428571428 0.0935483870967742 0.10952380952380952
0 0.7129032258064516 0.8119047619047619 0.1032258064516129 0.07142857142857142
0 0.6532258064516129 0.8452380952380952 0.08709677419354839 0.09047619047619047
0 0.7241935483870968 0.8833333333333333 0.07419354838709677 0.09047619047619047
0 0.8209677419354838 0.9 0.0935483870967742 0.10476190476190476
0 0.964516129032258 0.9 0.06451612903225806 0.06666666666666667
0 0.9758064516129032 0.9714285714285714 0.041935483870967745 0.0380952380952381
0 0.4483870967741935 0.5714285714285714 0.1032258064516129 0.10476190476190476
0 0.4403225806451613 0.4523809523809524 0.1064516129032258 0.11428571428571428
0 0.45483870967741935 0.34285714285714286 0.07096774193548387 0.10476190476190476
0 0.5387096774193548 0.22857142857142856 0.06451612903225806 0.08571428571428572
0 0.6419354838709678 0.22857142857142856 0.09032258064516129 0.0761904761904762
0 0.8612903225806452 0.19285714285714287 0.14193548387096774 0.09047619047619047
0 0.7967741935483871 0.3333333333333333 0.13548387096774195 0.13333333333333333
0 0.5919354838709677 0.2761904761904762 0.06774193548387097 0.0761904761904762
0 0.6096774193548387 0.34523809523809523 0.1032258064516129 0.09047619047619047
0 0.6193548387096774 0.4095238095238095 0.08387096774193549 0.08571428571428572