0 0.1532258064516129 0.1872037914691943 0.08064516129032258 0.22274881516587677
0 0.07419354838709677 0.6919431279620853 0.10967741935483871 0.21800947867298578
0 0.28225806451612906 0.2890995260663507 0.13225806451612904 0.1895734597156398
0 0.22903225806451613 0.2843601895734597 0.06451612903225806 0.11374407582938388
0 0.4 0.25118483412322273 0.13548387096774195 0.13270142180094788
0 0.2903225806451613 0.533175355450237 0.2 0.14691943127962084
0 0.4435483870967742 0.5260663507109005 0.12580645161290321 0.2843601895734597
0 0.17580645161290323 0.4028436018957346 0.11290322580645161 0.11374407582938388
0 0.17096774193548386 0.5734597156398105 0.14838709677419354 0.18009478672985782
0 0.3741935483870968 0.7772511848341233 0.17419354838709677 0.26540284360189575
0 0.5161290322580645 0.8317535545023697 0.16129032258064516 0.2890995260663507
0 0.5709677419354838 0.580568720379147 0.12258064516129032 0.15639810426540285
0 0.6661290322580645 0.523696682464455 0.0935483870967742 0.2037914691943128
0 0.6983870967741935 0.19194312796208532 0.07419354838709677 0.11848341232227488
0 0.8467741935483871 0.22274881516587677 0.07419354838709677 0.12322274881516587
0 0.6225806451612903 0.10426540284360189 0.07741935483870968 0.12322274881516587
0 0.7290322580645161 0.7345971563981043 0.1032258064516129 0.15165876777251186
0 0.817741935483871 0.5995260663507109 0.06774193548387097 0.13744075829383887
0 0.885483870967742 0.7535545023696683 0.07419354838709677 0.05687203791469194
0 0.864516129032258 0.9028436018957346 0.2064516129032258 0.13744075829383887
0 0.8725806451612903 0.45260663507109006 0.06129032258064516 0.22274881516587677
0 0.9467741935483871 0.41232227488151657 0.07419354838709677 0.2559241706161137
0 0.9241935483870968 0.6635071090047393 0.08709677419354839 0.0947867298578199
0 0.967741935483871 0.7796208530805687 0.05806451612903226 0.0995260663507109