0 0.2996632996632997 0.08130081300813008 0.20202020202020202 0.13821138211382114
0 0.7710437710437711 0.16260162601626016 0.16835016835016836 0.18699186991869918
0 0.4074074074074074 0.3434959349593496 0.12121212121212122 0.10975609756097561
0 0.30134680134680136 0.2926829268292683 0.15151515151515152 0.13821138211382114
0 0.41245791245791247 0.4532520325203252 0.18518518518518517 0.18292682926829268
0 0.5286195286195287 0.5386178861788617 0.13468013468013468 0.15853658536585366
0 0.39225589225589225 0.7154471544715447 0.1717171717171717 0.22764227642276422
0 0.5555555555555556 0.6361788617886179 0.08754208754208755 0.1016260162601626
0 0.569023569023569 0.7073170731707317 0.11447811447811448 0.16260162601626016
0 0.6060606060606061 0.9126016260162602 0.16835016835016836 0.16666666666666666
0 0.6212121212121212 0.7987804878048781 0.10437710437710437 0.11788617886178862
0 0.7188552188552189 0.8922764227642277 0.1111111111111111 0.12601626016260162