0 0.13333333333333333 0.48060344827586204 0.16 0.125
0 0.42 0.39655172413793105 0.13333333333333333 0.1206896551724138
0 0.15166666666666667 0.7586206896551724 0.17666666666666667 0.1810344827586207
0 0.255 0.6616379310344828 0.27 0.2801724137931034
0 0.43333333333333335 0.5754310344827587 0.17333333333333334 0.2801724137931034
0 0.62 0.5754310344827587 0.21333333333333335 0.22844827586206898
0 0.6583333333333333 0.44396551724137934 0.20333333333333334 0.21551724137931033
0 0.8083333333333333 0.5323275862068966 0.13 0.15086206896551724
0 0.8566666666666667 0.3232758620689655 0.14666666666666667 0.16379310344827586
0 0.9166666666666666 0.48060344827586204 0.16 0.15948275862068967
0 0.7583333333333333 0.29310344827586204 0.14333333333333334 0.12931034482758622
0 0.94 0.2349137931034483 0.11333333333333333 0.1336206896551724
0 0.9733333333333334 0.33405172413793105 0.04666666666666667 0.14224137931034483