0 0.24558823529411763 0.5486641221374046 0.16176470588235295 0.2538167938931298
0 0.2838235294117647 0.7251908396946565 0.17352941176470588 0.17557251908396945
0 0.2875 0.8396946564885496 0.10147058823529412 0.14885496183206107
0 0.42426470588235293 0.8005725190839694 0.1514705882352941 0.28053435114503816
0 0.4889705882352941 0.9303435114503816 0.08676470588235294 0.12404580152671756
0 0.5308823529411765 0.5935114503816794 0.17058823529411765 0.2786259541984733
0 0.6360294117647058 0.4952290076335878 0.13970588235294118 0.19274809160305342
0 0.5514705882352942 0.8711832061068703 0.14411764705882352 0.16984732824427481
0 0.6235294117647059 0.7471374045801527 0.12352941176470589 0.18129770992366412
0 0.38676470588235295 0.3330152671755725 0.1 0.20801526717557253
0 0.4772058823529412 0.3062977099236641 0.10735294117647058 0.21564885496183206
0 0.5514705882352942 0.1765267175572519 0.12058823529411765 0.2958015267175573
0 0.6477941176470589 0.21374045801526717 0.13088235294117648 0.23282442748091603
0 0.7264705882352941 0.4150763358778626 0.16176470588235295 0.22328244274809161
0 0.7301470588235294 0.10209923664122138 0.1161764705882353 0.12404580152671756