0 0.14166666666666666 0.2073170731707317 0.08333333333333333 0.2780487804878049
0 0.21333333333333335 0.28780487804878047 0.04 0.0975609756097561
0 0.29 0.28780487804878047 0.1 0.15609756097560976
0 0.4083333333333333 0.2634146341463415 0.12333333333333334 0.17560975609756097
0 0.07166666666666667 0.6926829268292682 0.10333333333333333 0.22439024390243903
0 0.31833333333333336 0.526829268292683 0.12333333333333334 0.16585365853658537
0 0.435 0.5439024390243903 0.10333333333333333 0.28780487804878047
0 0.37666666666666665 0.7951219512195122 0.18 0.2926829268292683
0 0.525 0.8317073170731707 0.09 0.24878048780487805
0 0.5866666666666667 0.5682926829268292 0.11333333333333333 0.21951219512195122
0 0.6766666666666666 0.5317073170731708 0.12 0.2048780487804878
0 0.745 0.7341463414634146 0.06333333333333334 0.13170731707317074
0 0.84 0.8902439024390244 0.20666666666666667 0.14146341463414633
0 0.8933333333333333 0.7560975609756098 0.09333333333333334 0.04878048780487805
0 0.815 0.6073170731707317 0.09 0.14146341463414633
0 0.93 0.6585365853658537 0.08 0.05853658536585366
0 0.9683333333333334 0.7780487804878049 0.056666666666666664 0.09268292682926829
0 0.6183333333333333 0.1024390243902439 0.08333333333333333 0.07804878048780488
0 0.7083333333333334 0.2121951219512195 0.12333333333333334 0.12195121951219512
0 0.85 0.2146341463414634 0.07333333333333333 0.13658536585365855
0 0.865 0.4682926829268293 0.11 0.22439024390243903
0 0.9433333333333334 0.4121951219512195 0.06666666666666667 0.21951219512195122