0 0.0711864406779661 0.6900452488687783 0.1152542372881356 0.1493212669683258
0 0.23389830508474577 0.7013574660633484 0.1288135593220339 0.09954751131221719
0 0.2457627118644068 0.753393665158371 0.09830508474576272 0.06787330316742081
0 0.3305084745762712 0.7941176470588235 0.09152542372881356 0.12217194570135746
0 0.4864406779661017 0.8552036199095022 0.11186440677966102 0.1085972850678733
0 0.5050847457627119 0.7986425339366516 0.1694915254237288 0.10407239819004525
0 0.6610169491525424 0.9117647058823529 0.08135593220338982 0.11312217194570136
0 0.7322033898305085 0.8687782805429864 0.1423728813559322 0.12669683257918551
0 0.7440677966101695 0.9479638009049773 0.11186440677966102 0.08597285067873303
0 0.8508474576271187 0.9502262443438914 0.09491525423728814 0.09049773755656108
0 0.4067796610169492 0.5950226244343891 0.08135593220338982 0.12217194570135746
0 0.3949152542372881 0.47285067873303166 0.14576271186440679 0.12217194570135746
0 0.4016949152542373 0.3506787330316742 0.10508474576271186 0.11312217194570136
0 0.49830508474576274 0.2171945701357466 0.061016949152542375 0.1085972850678733
0 0.6372881355932203 0.21266968325791855 0.1152542372881356 0.09954751131221719
0 0.5779661016949152 0.27828054298642535 0.0711864406779661 0.06787330316742081
0 0.5898305084745763 0.3438914027149321 0.12203389830508475 0.07239819004524888
0 0.6033898305084746 0.4117647058823529 0.07457627118644068 0.07239819004524888
0 0.8050847457627118 0.37104072398190047 0.0711864406779661 0.09049773755656108
0 0.8101694915254237 0.3031674208144796 0.08135593220338982 0.1085972850678733
0 0.9271186440677966 0.19230769230769232 0.12542372881355932 0.07692307692307693