0 0.13059701492537312 0.47342995169082125 0.20149253731343283 0.17391304347826086
0 0.22574626865671643 0.6690821256038647 0.2126865671641791 0.2560386473429952
0 0.41044776119402987 0.40096618357487923 0.15671641791044777 0.12560386473429952
0 0.4533582089552239 0.5555555555555556 0.15298507462686567 0.14492753623188406
0 0.4216417910447761 0.6690821256038647 0.16417910447761194 0.178743961352657
0 0.6138059701492538 0.5748792270531401 0.16044776119402984 0.2318840579710145
0 0.6361940298507462 0.4033816425120773 0.1455223880597015 0.18840579710144928
0 0.710820895522388 0.49516908212560384 0.10074626865671642 0.178743961352657
0 0.8078358208955224 0.5434782608695652 0.11567164179104478 0.16908212560386474
0 0.8582089552238806 0.3164251207729469 0.16417910447761194 0.16908212560386474
0 0.9291044776119403 0.23429951690821257 0.11940298507462686 0.1497584541062802
0 0.9197761194029851 0.4806763285024155 0.13059701492537312 0.19806763285024154
0 0.746268656716418 0.2826086956521739 0.13432835820895522 0.1497584541062802