0 0.15384615384615385 0.1658653846153846 0.10256410256410256 0.24519230769230768
0 0.07371794871794872 0.6995192307692307 0.09615384615384616 0.24519230769230768
0 0.2676282051282051 0.2764423076923077 0.15064102564102563 0.1875
0 0.391025641025641 0.23317307692307693 0.15384615384615385 0.12980769230769232
0 0.32371794871794873 0.5264423076923077 0.16666666666666666 0.15865384615384615
0 0.42628205128205127 0.5528846153846154 0.10897435897435898 0.23076923076923078
0 0.36378205128205127 0.7932692307692307 0.16987179487179488 0.33653846153846156
0 0.5849358974358975 0.5769230769230769 0.11858974358974358 0.19230769230769232
0 0.6810897435897436 0.5552884615384616 0.1762820512820513 0.27403846153846156
0 0.7035256410256411 0.20673076923076922 0.125 0.10576923076923077
0 0.8605769230769231 0.20192307692307693 0.07371794871794872 0.09615384615384616
0 0.5240384615384616 0.8317307692307693 0.125 0.3269230769230769
0 0.7259615384615384 0.7283653846153846 0.15705128205128205 0.1971153846153846
0 0.8221153846153846 0.6129807692307693 0.08653846153846154 0.13942307692307693
0 0.8830128205128205 0.45913461538461536 0.08653846153846154 0.27403846153846156
0 0.9615384615384616 0.43028846153846156 0.057692307692307696 0.2548076923076923
0 0.9278846153846154 0.6682692307692307 0.08653846153846154 0.08653846153846154
0 0.8108974358974359 0.7283653846153846 0.07692307692307693 0.12980769230769232
0 0.9022435897435898 0.7524038461538461 0.0673076923076923 0.09134615384615384
0 0.967948717948718 0.7788461538461539 0.04487179487179487 0.10576923076923077
0 0.8157051282051282 0.8894230769230769 0.2403846153846154 0.125