0 0.12878787878787878 0.1978021978021978 0.09848484848484848 0.27472527472527475
0 0.19507575757575757 0.260989010989011 0.07196969696969698 0.11538461538461539
0 0.15151515151515152 0.41483516483516486 0.13636363636363635 0.13736263736263737
0 0.1553030303030303 0.5989010989010989 0.11363636363636363 0.14285714285714285
0 0.26704545454545453 0.29120879120879123 0.07196969696969698 0.1978021978021978
0 0.38636363636363635 0.23626373626373626 0.12878787878787878 0.2087912087912088
0 0.2935606060606061 0.521978021978022 0.20075757575757575 0.15384615384615385
0 0.4147727272727273 0.5521978021978022 0.13257575757575757 0.25824175824175827
0 0.36742424242424243 0.8131868131868132 0.18181818181818182 0.2967032967032967
0 0.4981060606060606 0.8269230769230769 0.125 0.25824175824175827
0 0.5757575757575758 0.5796703296703297 0.11363636363636363 0.21428571428571427
0 0.6571969696969697 0.5192307692307693 0.13257575757575757 0.25824175824175827
0 0.6231060606060606 0.09065934065934066 0.06439393939393939 0.07142857142857142
0 0.678030303030303 0.20054945054945056 0.12121212121212122 0.1043956043956044
0 0.8446969696969697 0.2032967032967033 0.06818181818181818 0.16483516483516483
0 0.7234848484848485 0.739010989010989 0.08333333333333333 0.17032967032967034
0 0.7992424242424242 0.5961538461538461 0.12121212121212122 0.15934065934065933
0 0.8712121212121212 0.4642857142857143 0.09090909090909091 0.2692307692307692
0 0.9488636363636364 0.40934065934065933 0.07954545454545454 0.22527472527472528
0 0.9204545454545454 0.6620879120879121 0.09090909090909091 0.08241758241758242
0 0.8863636363636364 0.760989010989011 0.09848484848484848 0.09340659340659341
0 0.8579545454545454 0.8736263736263736 0.1856060606060606 0.16483516483516483
0 0.9734848484848485 0.7664835164835165 0.045454545454545456 0.09340659340659341