0 0.153125 0.7152658662092625 0.09875 0.09948542024013722
0 0.204375 0.5445969125214408 0.10875 0.08404802744425385
0 0.214375 0.6295025728987993 0.12125 0.0686106346483705
0 0.196875 0.16638078902229847 0.05875 0.08919382504288165
0 0.376875 0.2521440823327616 0.07375 0.0823327615780446
0 0.34 0.46826758147512865 0.0625 0.1097770154373928
0 0.465 0.5231560891938251 0.08 0.11320754716981132
0 0.565625 0.6466552315608919 0.08625 0.10291595197255575
0 0.51 0.7761578044596913 0.0825 0.06689536878216124
0 0.65 0.758147512864494 0.145 0.11320754716981132
0 0.53875 0.22469982847341338 0.0775 0.08576329331046312
0 0.7375 0.10205831903945112 0.0675 0.10806174957118353
0 0.661875 0.49056603773584906 0.11625 0.1097770154373928
0 0.695 0.5866209262435678 0.15 0.1097770154373928
0 0.818125 0.3910806174957118 0.12375 0.10634648370497427
0 0.856875 0.6535162950257289 0.11875 0.13036020583190394