0 0.285 0.1225 0.11 0.145
0 0.4216666666666667 0.1675 0.08333333333333333 0.115
0 0.245 0.5275 0.17666666666666667 0.255
0 0.058333333333333334 0.64 0.10333333333333333 0.18
0 0.175 0.8 0.12333333333333334 0.23
0 0.18166666666666667 0.9075 0.27 0.175
0 0.6566666666666666 0.14 0.22666666666666666 0.22
0 0.75 0.3475 0.3 0.265
0 0.49833333333333335 0.48 0.25 0.22
0 0.44333333333333336 0.7275 0.29333333333333333 0.275
0 0.75 0.6175 0.13333333333333333 0.255
0 0.7016666666666667 0.7975 0.14333333333333334 0.135
0 0.9533333333333334 0.1275 0.08666666666666667 0.135
0 0.9633333333333334 0.4025 0.06666666666666667 0.245