0 0.2653333333333333 0.34189723320158105 0.216 0.31225296442687744
0 0.528 0.3339920948616601 0.17066666666666666 0.28063241106719367
0 0.7186666666666667 0.1225296442687747 0.152 0.22134387351778656
0 0.6733333333333333 0.38735177865612647 0.12 0.18181818181818182
0 0.8706666666666667 0.5375494071146245 0.2 0.17391304347826086
0 0.17733333333333334 0.5454545454545454 0.264 0.18181818181818182
0 0.39866666666666667 0.7154150197628458 0.2 0.18972332015810275
0 0.372 0.9229249011857708 0.152 0.14624505928853754
0 0.628 0.6521739130434783 0.088 0.11067193675889328
0 0.8786666666666667 0.12450592885375494 0.13066666666666665 0.1857707509881423
0 0.94 0.8893280632411067 0.104 0.16600790513833993